26 titrate 0.0665718035824 0.1069412951584 0.1113900431552 0.11154292732320001 0.1326649912192 0.13542554912000002 0.1379342697136 0.1598497372224 0.1623432637184 0.1665188069472 
26 p 0.056582550105599996 0.08208267023839999 0.0913302396816 0.0981668159648 0.1130430092896 0.1132599449056 0.11463438220479999 0.1313860873552 1.0287873885216 1.2557314768192 
26 codel 0.0624489540208 0.0644209628 0.07147737584160001 0.072402268384 0.0763998916048 0.077872558208 0.0779120017728 0.07942924268320001 0.1081924281792 0.1300431113104 
26 pie 0.069186651584 0.08283056439200001 0.0838420254032 0.0891392384336 0.092364746304 0.09431241339839999 0.1024365357808 0.1088956330592 0.15214671279519998 0.20794018448159998 
26 static 0.0797539603728 0.2091426840256 0.2856096136544 0.2995298837264 0.302017164048 0.3113564933376 0.3275178477808 1.835466794576 2.0913047477968 2.426502634776 
141 titrate 0.0548627359936 0.1016962324032 0.1106508226624 0.1115825123168 0.12105229736480001 0.1361914122304 0.1400154312128 0.1471288657584 0.1568976190592 0.20597111581439997 
141 p 0.07722360256000001 0.0917622125344 0.10969704464 0.109758947976 1.060629572344 1.0719778359616 1.083984058688 1.1326927457279998 1.1961281430944 1.460546532784 
141 codel 0.0768677719344 0.0813393653536 0.0835034355776 0.10683213971359999 0.117131227736 0.1330030050432 0.1430564088096 0.155358978808 1.0182025730256 1.0798355735168 
141 pie 0.1032968378208 0.10788752146240001 0.11287342922560001 0.11376416652160001 0.1190367604032 0.1215347968768 0.1365862014448 0.142816342248 0.1559493392336 1.0478241711951999 
141 static 0.25379001283200003 0.2867167556592 0.314817333592 0.3362862106624 0.3467501941888 0.3632022791968 1.2667038534528001 2.1081491625248 2.184598433144 2.2188314410879997 
